precision = 0.6348286238491483
recall = 0.5596059113300492
f1 = 0.594768052324776
